{
 "cells": [
  {
   "cell_type": "code",
   "execution_count": 1,
   "id": "a146303f",
   "metadata": {},
   "outputs": [
    {
     "name": "stderr",
     "output_type": "stream",
     "text": [
      "\u001b[32m\u001b[1m  Activating\u001b[22m\u001b[39m project at `~/Progs/CMOE_Gridap_Tutorials`\n"
     ]
    }
   ],
   "source": [
    "using Pkg\n",
    "Pkg.activate(\".\")\n",
    "Pkg.instantiate()"
   ]
  },
  {
   "cell_type": "markdown",
   "id": "fe8bb716",
   "metadata": {},
   "source": [
    "Explain how to generate a model with cartesian domain"
   ]
  },
  {
   "cell_type": "code",
   "execution_count": 27,
   "id": "3281bfe8",
   "metadata": {},
   "outputs": [
    {
     "data": {
      "text/plain": [
       "3-element Vector{Vector{String}}:\n",
       " [\"model_0.vtu\"]\n",
       " [\"model_1.vtu\"]\n",
       " [\"model_2.vtu\"]"
      ]
     },
     "metadata": {},
     "output_type": "display_data"
    }
   ],
   "source": [
    "using Gridap\n",
    "L = 2.0\n",
    "n = 2\n",
    "domain = (0,L,0,L)\n",
    "partition = (n,n)\n",
    "model = CartesianDiscreteModel(domain,partition)\n",
    "\n",
    "writevtk(model,\"model\")"
   ]
  },
  {
   "cell_type": "markdown",
   "id": "6cfab72d",
   "metadata": {},
   "source": [
    "Explain how to define reference FE and FE spaces"
   ]
  },
  {
   "cell_type": "code",
   "execution_count": 28,
   "id": "d863cdab",
   "metadata": {},
   "outputs": [
    {
     "data": {
      "text/plain": [
       "TrialFESpace()"
      ]
     },
     "metadata": {},
     "output_type": "display_data"
    }
   ],
   "source": [
    "# Solve the Poisson problem\n",
    "reffe = ReferenceFE(lagrangian,Float64,1)\n",
    "V = FESpace(model,reffe;conformity=:H1,dirichlet_tags=\"boundary\")\n",
    "U = TrialFESpace(V,x->x[1])\n"
   ]
  },
  {
   "cell_type": "markdown",
   "id": "8acce2c4",
   "metadata": {},
   "source": [
    "Explain definition of triangulation and integration measures"
   ]
  },
  {
   "cell_type": "code",
   "execution_count": 29,
   "id": "f17f46bc",
   "metadata": {},
   "outputs": [
    {
     "data": {
      "text/plain": [
       "GenericMeasure()"
      ]
     },
     "metadata": {},
     "output_type": "display_data"
    }
   ],
   "source": [
    "Ω = Triangulation(model)\n",
    "dΩ = Measure(Ω,2)\n"
   ]
  },
  {
   "cell_type": "markdown",
   "id": "55585010",
   "metadata": {},
   "source": [
    "Explain weak form definition and solution"
   ]
  },
  {
   "cell_type": "code",
   "execution_count": 30,
   "id": "b5015254",
   "metadata": {},
   "outputs": [
    {
     "data": {
      "text/plain": [
       "([\"solution.vtu\"],)"
      ]
     },
     "metadata": {},
     "output_type": "display_data"
    }
   ],
   "source": [
    "f(x) = 1.0\n",
    "a(u,v) = ∫( ∇(v)⋅∇(u) )dΩ\n",
    "l(v) = ∫( f*v )dΩ\n",
    "op = AffineFEOperator(a,l,U,V)\n",
    "uh = solve(op)  \n",
    "\n",
    "writevtk(Ω,\"solution\",cellfields=[\"uh\"=>uh])"
   ]
  },
  {
   "cell_type": "markdown",
   "id": "93e19aa6",
   "metadata": {},
   "source": [
    "Display matrices and vector"
   ]
  },
  {
   "cell_type": "code",
   "execution_count": 31,
   "id": "6a9c2cf6",
   "metadata": {},
   "outputs": [
    {
     "data": {
      "text/plain": [
       "1×1 Matrix{Float64}:\n",
       " 2.6666666666666656"
      ]
     },
     "metadata": {},
     "output_type": "display_data"
    },
    {
     "data": {
      "text/plain": [
       "1-element Vector{Float64}:\n",
       " 3.666666666666665"
      ]
     },
     "metadata": {},
     "output_type": "display_data"
    }
   ],
   "source": [
    "using SparseArrays\n",
    "A = get_matrix(op)\n",
    "b = get_vector(op)\n",
    "display(Matrix(A))\n",
    "display(Vector(b))\n"
   ]
  },
  {
   "cell_type": "markdown",
   "id": "b6d74a47",
   "metadata": {},
   "source": [
    "Text explaining basis functions of FE space in physical and reference domain...."
   ]
  },
  {
   "cell_type": "code",
   "execution_count": 32,
   "id": "6d1553fc",
   "metadata": {},
   "outputs": [],
   "source": [
    "using Gridap.FESpaces\n",
    "using Gridap.CellData\n",
    "u_basis = get_trial_fe_basis(U) # basis functions of the trial space\n",
    "u_basis_data = get_data(u_basis)\n",
    "@show u_basis_data\n",
    "N1(x) = x[1]*x[2]\n",
    "N2(x) = x[1]*(1-x[2])\n",
    "N3(x) = (1-x[1])*x[2]\n",
    "N4(x) = (1-x[1])*(1-x[2])\n",
    "ref_FE_basis_funs = [N1,N2,N3,N4]\n",
    "\n",
    "x1 = L/2 + L/3\n",
    "x2 = L/3\n",
    "\n",
    "xp = Point(x1,x2) # Point in the physical cell\n",
    "@show u_basis(xp)\n",
    "\n",
    "xp_ref = Point(1/3,1/3) # Point in the reference cell\n",
    "@show xp_ref\n",
    "\n",
    "@show ref_FE_basis_xp = [h(xp_ref) for h in ref_FE_basis_funs]\n",
    "nothing"
   ]
  },
  {
   "cell_type": "code",
   "execution_count": 33,
   "id": "eb208e3b",
   "metadata": {},
   "outputs": [
    {
     "data": {
      "text/plain": [
       "4-element Vector{Float64}:\n",
       " 0.11111111111111116\n",
       " 0.2222222222222222\n",
       " 0.22222222222222232\n",
       " 0.4444444444444443"
      ]
     },
     "metadata": {},
     "output_type": "display_data"
    }
   ],
   "source": [
    "v_basis = get_fe_basis(V) # basis functions of the test space\n",
    "@show v_basis(xp)"
   ]
  },
  {
   "cell_type": "markdown",
   "id": "d40486a3",
   "metadata": {},
   "source": [
    "Explanation about FE function -> free degrees of freedom vs fixed degrees of freedom"
   ]
  },
  {
   "cell_type": "code",
   "execution_count": 34,
   "id": "b8812c0d",
   "metadata": {},
   "outputs": [
    {
     "data": {
      "text/plain": [
       "4-element Gridap.Arrays.LazyArray{FillArrays.Fill{typeof(Gridap.Fields.linear_combination), 1, Tuple{Base.OneTo{Int64}}}, Gridap.Fields.LinearCombinationField{Vector{Float64}, Gridap.Fields.LinearCombinationFieldVector{Matrix{Float64}, Gridap.Polynomials.MonomialBasis{2, Float64}}}, 1, Tuple{Gridap.Arrays.LazyArray{FillArrays.Fill{Broadcasting{Gridap.Arrays.PosNegReindex{Vector{Float64}, Vector{Float64}}}, 1, Tuple{Base.OneTo{Int64}}}, Vector{Float64}, 1, Tuple{Gridap.Arrays.Table{Int32, Vector{Int32}, Vector{Int32}}}}, FillArrays.Fill{Gridap.Fields.LinearCombinationFieldVector{Matrix{Float64}, Gridap.Polynomials.MonomialBasis{2, Float64}}, 1, Tuple{Base.OneTo{Int64}}}}}:\n",
       " LinearCombinationField()\n",
       " LinearCombinationField()\n",
       " LinearCombinationField()\n",
       " LinearCombinationField()"
      ]
     },
     "metadata": {},
     "output_type": "display_data"
    }
   ],
   "source": [
    "uhd = zero(U)\n",
    "uhd_data = get_data(uhd)\n",
    "@show uhd_data\n",
    "\n",
    "# u_value_p1 = [1.0, 2.0, 3.0, 4.0]' * ref_FE_basis_xp"
   ]
  },
  {
   "cell_type": "markdown",
   "id": "352f4ce7",
   "metadata": {},
   "source": [
    "Evaluate weak form using the basis functions"
   ]
  },
  {
   "cell_type": "code",
   "execution_count": 35,
   "id": "d3ef40da",
   "metadata": {},
   "outputs": [
    {
     "data": {
      "text/plain": [
       "DomainContribution()"
      ]
     },
     "metadata": {},
     "output_type": "display_data"
    }
   ],
   "source": [
    "matcontrib = a(u_basis,v_basis)\n",
    "veccontrib = l(v_basis)"
   ]
  },
  {
   "cell_type": "code",
   "execution_count": 36,
   "id": "a2e7641f",
   "metadata": {},
   "outputs": [
    {
     "data": {
      "text/plain": [
       "((Any[[([0.6666666666666664 -0.16666666666666663 -0.16666666666666663 -0.33333333333333315; -0.16666666666666663 0.6666666666666664 -0.33333333333333315 -0.1666666666666666; -0.16666666666666663 -0.33333333333333315 0.6666666666666664 -0.1666666666666666; -0.33333333333333315 -0.1666666666666666 -0.1666666666666666 0.6666666666666663], [0.4166666666666665, -0.4166666666666665, 0.583333333333333, 0.4166666666666665]), ([0.6666666666666664 -0.16666666666666663 -0.16666666666666663 -0.33333333333333315; -0.16666666666666663 0.6666666666666664 -0.33333333333333315 -0.1666666666666666; -0.16666666666666663 -0.33333333333333315 0.6666666666666664 -0.1666666666666666; -0.33333333333333315 -0.1666666666666666 -0.1666666666666666 0.6666666666666663], [0.583333333333333, -0.583333333333333, 1.416666666666666, -0.4166666666666663]), ([0.6666666666666664 -0.16666666666666663 -0.16666666666666663 -0.33333333333333315; -0.16666666666666663 0.6666666666666664 -0.33333333333333315 -0.1666666666666666; -0.16666666666666663 -0.33333333333333315 0.6666666666666664 -0.1666666666666666; -0.33333333333333315 -0.1666666666666666 -0.1666666666666666 0.6666666666666663], [0.583333333333333, 0.41666666666666646, 0.4166666666666665, -0.4166666666666664]), ([0.6666666666666664 -0.16666666666666663 -0.16666666666666663 -0.33333333333333315; -0.16666666666666663 0.6666666666666664 -0.33333333333333315 -0.1666666666666666; -0.16666666666666663 -0.33333333333333315 0.6666666666666664 -0.1666666666666666; -0.33333333333333315 -0.1666666666666666 -0.1666666666666666 0.6666666666666663], [1.416666666666666, -0.4166666666666667, 0.583333333333333, -0.5833333333333329])]], Any[Vector{Int32}[[-1, -2, -4, 1], [-2, -3, 1, -5], [-4, 1, -6, -7], [1, -5, -7, -8]]], Any[Vector{Int32}[[-1, -2, -4, 1], [-2, -3, 1, -5], [-4, 1, -6, -7], [1, -5, -7, -8]]]), (Any[], Any[], Any[]), (Any[], Any[]))"
      ]
     },
     "metadata": {},
     "output_type": "display_data"
    }
   ],
   "source": [
    "data = collect_cell_matrix_and_vector(U,V,matcontrib,veccontrib,uhd)"
   ]
  },
  {
   "cell_type": "code",
   "execution_count": 37,
   "id": "5b1b6949",
   "metadata": {},
   "outputs": [
    {
     "data": {
      "text/plain": [
       "4"
      ]
     },
     "metadata": {},
     "output_type": "display_data"
    },
    {
     "data": {
      "text/plain": [
       "1-element Vector{Any}:\n",
       " Vector{Int32}[[-1, -2, -4, 1], [-2, -3, 1, -5], [-4, 1, -6, -7], [1, -5, -7, -8]]"
      ]
     },
     "metadata": {},
     "output_type": "display_data"
    },
    {
     "data": {
      "text/plain": [
       "1-element Vector{Any}:\n",
       " Vector{Int32}[[-1, -2, -4, 1], [-2, -3, 1, -5], [-4, 1, -6, -7], [1, -5, -7, -8]]"
      ]
     },
     "metadata": {},
     "output_type": "display_data"
    },
    {
     "data": {
      "text/plain": [
       "4×4 Matrix{Float64}:\n",
       "  0.666667  -0.166667  -0.166667  -0.333333\n",
       " -0.166667   0.666667  -0.333333  -0.166667\n",
       " -0.166667  -0.333333   0.666667  -0.166667\n",
       " -0.333333  -0.166667  -0.166667   0.666667"
      ]
     },
     "metadata": {},
     "output_type": "display_data"
    },
    {
     "data": {
      "text/plain": [
       "4-element Vector{Float64}:\n",
       "  0.583333333333333\n",
       "  0.41666666666666646\n",
       "  0.4166666666666665\n",
       " -0.4166666666666664"
      ]
     },
     "metadata": {},
     "output_type": "display_data"
    }
   ],
   "source": [
    "icell = 3\n",
    "matvec_data = data[1]\n",
    "celldata = matvec_data[1] # w\n",
    "rows = matvec_data[2]     # r\n",
    "cols = matvec_data[3]     # c\n",
    "\n",
    "println(\"Cell data: \")\n",
    "display(length(celldata[1]))\n",
    "println(\"Rows: \")\n",
    "display(rows)\n",
    "println(\"Cols: \")\n",
    "display(cols)\n",
    "\n",
    "elemental_matrix_icell = Matrix(celldata[1][icell][1])\n",
    "elemental_vector_icell = Vector(celldata[1][icell][2])\n",
    "display(elemental_matrix_icell)\n",
    "display(elemental_vector_icell)"
   ]
  },
  {
   "cell_type": "code",
   "execution_count": 38,
   "id": "208b3857",
   "metadata": {},
   "outputs": [],
   "source": []
  },
  {
   "cell_type": "code",
   "execution_count": 39,
   "id": "1831611d",
   "metadata": {},
   "outputs": [],
   "source": []
  }
 ],
 "metadata": {
  "kernelspec": {
   "display_name": "Julia 1.11.1",
   "language": "julia",
   "name": "julia-1.11"
  },
  "language_info": {
   "file_extension": ".jl",
   "mimetype": "application/julia",
   "name": "julia",
   "version": "1.11.1"
  }
 },
 "nbformat": 4,
 "nbformat_minor": 5
}
